
Hello answer
Hello answer
A=[[ 1  0  0  0  0  0  0]
 [ 0  0  0  0  0  0  0]
 [ 1  0  1  0  0  0  0]
 [ 0  0  0  0  0  0  0]
 [ 0  0  0  0  0  0  0]
 [ 0  0  0  0  0  1  1]
 [ 0  0  1  1  0  1  0]
 [ 0  0  0 -1  0  0  1]
 [-1  0  0  0 -1  0  0]
 [ 0  1  0  0  1  1  0]
 [-1  0  0  0  0  1  0]
 [ 0  0  0  0  0  0  0]
 [ 0  0  0  0  0  0  0]
 [ 0  1  0  0  0  0 -1]
 [ 0  0  0  0  0  0  0]
 [ 0  0  0  0  0  0 -1]]   X = [[ 1  0  0  0]
 [ 0  0  1 -1]
 [-1  1  0  0]
 [ 0 -1  0 -1]
 [-1  0 -1  0]
 [ 1  0  0  1]
 [ 0  0  0 -1]]  C= [[1 0 0 0]
 [0 0 0 0]
 [0 1 0 0]
 [0 0 0 0]
 [0 0 0 0]
 [1 0 0 0]
 [0 0 0 0]
 [0 1 0 0]
 [0 0 1 0]
 [0 0 0 0]
 [0 0 0 1]
 [0 0 0 0]
 [0 0 0 0]
 [0 0 1 0]
 [0 0 0 0]
 [0 0 0 1]]A=
 [[ 0  0  0  1  0 -1  0]
 [ 0  0  0  0  0  0  0]
 [ 0  0  0  1  0  0  0]
 [ 0  0  0  0  0  0  0]
 [ 0  1  0  0  1  1  0]
 [ 1  0  0  0  1  0  0]
 [ 0  0  0  0  0  0  0]
 [ 1 -1  0  0  0  0  0]
 [ 0 -1  0 -1  0  0  0]
 [ 0  0  0  0  0  0  0]
 [ 0  0  0 -1  0  0  1]
 [ 0  1  1  0  0  0  1]
 [ 0  0  0  0  0  0  0]
 [-1  0  0  0  0  0  0]
 [ 0  0  0  0  0  0  0]
 [-1  0 -1  0  0  0  0]] 
  X = 
 [[ 0  0 -1  0]
 [ 0 -1 -1  0]
 [ 0  0  1 -1]
 [ 0  1  0  0]
 [ 1  0  1  0]
 [-1  1  0  0]
 [ 0  1  0  1]] 
 C= 
 [[1 0 0 0]
 [0 0 0 0]
 [0 1 0 0]
 [0 0 0 0]
 [0 0 0 0]
 [1 0 0 0]
 [0 0 0 0]
 [0 1 0 0]
 [0 0 1 0]
 [0 0 0 0]
 [0 0 0 1]
 [0 0 0 0]
 [0 0 0 0]
 [0 0 1 0]
 [0 0 0 0]
 [0 0 0 1]] 
A=
 [[ 0  0  0  0  0  1  0]
 [ 0  0  0  0  0  0  0]
 [ 0  1  0  0  0 -1  0]
 [ 0  0  0  0  0  0  0]
 [ 0  0  0  0  0  0  0]
 [ 1  0  0  0  0  0  1]
 [-1  1  1  0  0  0  0]
 [ 0  0 -1  0  0  0 -1]
 [ 0  0  0  0 -1 -1  0]
 [ 1  0  0  1  1  0  0]
 [-1  0  0  0  0  1  0]
 [ 0  0  0  0  0  0  0]
 [ 0  0  0  0  0  0  0]
 [ 0  0  0  1  0  0 -1]
 [ 0  0  0  0  0  0  0]
 [ 0  0  0  0  0  0  1]] 
  X = 
 [[ 1  0  0 -1]
 [ 1  1  0  0]
 [ 0 -1  0 -1]
 [ 0  0  1  1]
 [-1  0 -1  0]
 [ 1  0  0  0]
 [ 0  0  0  1]] 
 C= 
 [[1 0 0 0]
 [0 0 0 0]
 [0 1 0 0]
 [0 0 0 0]
 [0 0 0 0]
 [1 0 0 0]
 [0 0 0 0]
 [0 1 0 0]
 [0 0 1 0]
 [0 0 0 0]
 [0 0 0 1]
 [0 0 0 0]
 [0 0 0 0]
 [0 0 1 0]
 [0 0 0 0]
 [0 0 0 1]] 
A=
 [[ 1  0  1  0  0  0  0]
 [ 0  0  1  0  1 -1  0]
 [-1  0  0  0  1  0  0]
 [ 0  0  0  0  0  0  0]
 [ 0  0  0  0  0  0  0]
 [ 0  0  0  1  0  1  0]
 [ 0  0  0  0  0  0  0]
 [ 0  0  0 -1  0  0  0]
 [-1  0  0  0  0  0  0]
 [ 0  0  0  0  0  0  0]
 [ 1  0  0  0  0  0  1]
 [ 0  0  0  0  0  0  0]
 [ 0  0  0  0  0  0  0]
 [ 0  0  0 -1 -1  0  0]
 [ 0  1  0  0 -1  0 -1]
 [ 0  1  0  1  0  0  0]] 
  X = 
 [[ 0  0 -1  0]
 [ 0  1  0  1]
 [ 1  0  1  0]
 [ 0 -1  0  0]
 [ 0  1 -1  0]
 [ 1  1  0  0]
 [ 0  0  1  1]] 
 C= 
 [[1 0 0 0]
 [0 0 0 0]
 [0 1 0 0]
 [0 0 0 0]
 [0 0 0 0]
 [1 0 0 0]
 [0 0 0 0]
 [0 1 0 0]
 [0 0 1 0]
 [0 0 0 0]
 [0 0 0 1]
 [0 0 0 0]
 [0 0 0 0]
 [0 0 1 0]
 [0 0 0 0]
 [0 0 0 1]] 
A=
 [[ 0  1  0 -1  0  0  0]
 [ 0  0  0  0  0  0  0]
 [ 0 -1  0  0  0  0  0]
 [ 0  0  0  0  0  0  0]
 [ 1  0  0  1  0  1  0]
 [ 0  0  1  0  0  1  0]
 [ 0  0  0  0  0  0  0]
 [ 1  0 -1  0  0  0  0]
 [ 1  1  0  0  0  0  0]
 [ 0  0  0  0  0  0  0]
 [ 0 -1  0  0  1  0  0]
 [ 1  0  0  0  1  0  1]
 [ 0  0  0  0  0  0  0]
 [ 0  0  1  0  0  0  0]
 [ 0  0  0  0  0  0  0]
 [ 0  0 -1  0  0  0 -1]] 
  X = 
 [[ 0  1  1  0]
 [ 0 -1  0  0]
 [ 0  0  1  0]
 [-1 -1  0  0]
 [ 0 -1  0  1]
 [ 1  0 -1  0]
 [ 0  0 -1 -1]] 
 C= 
 [[1 0 0 0]
 [0 0 0 0]
 [0 1 0 0]
 [0 0 0 0]
 [0 0 0 0]
 [1 0 0 0]
 [0 0 0 0]
 [0 1 0 0]
 [0 0 1 0]
 [0 0 0 0]
 [0 0 0 1]
 [0 0 0 0]
 [0 0 0 0]
 [0 0 1 0]
 [0 0 0 0]
 [0 0 0 1]] 
A=
 [[ 1  0  0  1  0  0  0]
 [ 0  0  0  0  0  0  0]
 [ 0  0  0 -1  1  0  0]
 [ 1  0 -1  0  1  0  0]
 [ 0  0  0  0  0  0  0]
 [ 0  0  0  0  0  0  1]
 [ 0  0  0  0  0  0  0]
 [ 0  0  1  0  0  0 -1]
 [ 0  1  0 -1  0  0  0]
 [ 0  0  0  0  0  0  0]
 [ 0  0  0  1  0  0  0]
 [ 0  0  0  0  0  0  0]
 [-1 -1  0  0  0  1  0]
 [ 0  0  0  0  0  1 -1]
 [ 0  0  0  0  0  0  0]
 [-1  0  0  0  0  0  1]] 
  X = 
 [[ 1  0  0 -1]
 [ 0  0  1  1]
 [ 1  1  0  0]
 [ 0  0  0  1]
 [ 0  1  0  1]
 [ 1  0  1  0]
 [ 1  0  0  0]] 
 C= 
 [[1 0 0 0]
 [0 0 0 0]
 [0 1 0 0]
 [0 0 0 0]
 [0 0 0 0]
 [1 0 0 0]
 [0 0 0 0]
 [0 1 0 0]
 [0 0 1 0]
 [0 0 0 0]
 [0 0 0 1]
 [0 0 0 0]
 [0 0 0 0]
 [0 0 1 0]
 [0 0 0 0]
 [0 0 0 1]] 
A=
 [[ 0  0  1  1  0  0  0]
 [ 0  0  0  0  0  0  0]
 [ 1  0  0 -1  0  0  0]
 [-1  0 -1  0  0  0  1]
 [ 0  0  0  0  0  0  0]
 [ 0  1  0  0  0  0  0]
 [ 0  0  0  0  0  0  0]
 [ 0 -1  0  0  0  0  1]
 [ 0  0  0 -1  1  0  0]
 [ 0  0  0  0  0  0  0]
 [ 0  0  0  1  0  0  0]
 [ 0  0  0  0  0  0  0]
 [ 0  0  1  0  1 -1  0]
 [ 0 -1  0  0  0  1  0]
 [ 0  0  0  0  0  0  0]
 [ 0  1 -1  0  0  0  0]] 
  X = 
 [[ 0  1  0  1]
 [ 1  0  0  0]
 [ 1  0  0 -1]
 [ 0  0  0  1]
 [ 0  0  1  1]
 [ 1  0  1  0]
 [ 1  1  0  0]] 
 C= 
 [[1 0 0 0]
 [0 0 0 0]
 [0 1 0 0]
 [0 0 0 0]
 [0 0 0 0]
 [1 0 0 0]
 [0 0 0 0]
 [0 1 0 0]
 [0 0 1 0]
 [0 0 0 0]
 [0 0 0 1]
 [0 0 0 0]
 [0 0 0 0]
 [0 0 1 0]
 [0 0 0 0]
 [0 0 0 1]] 
A=
 [[ 0  0  1  0  0 -1  0]
 [ 1  0  0  0  1  1  0]
 [ 1  0  1  0  0  0  0]
 [ 0  0  0  0  0  0  0]
 [ 0  0  0  0  0  0  0]
 [ 0  0  0  1  1  0  0]
 [ 0  0  0  0  0  0  0]
 [ 0  0  0  1  0  0  0]
 [ 0  0  1  0  0  0  0]
 [ 0  0  0  0  0  0  0]
 [ 0  1  1  0  0  0  0]
 [ 0  0  0  0  0  0  0]
 [ 0  0  0  0  0  0  0]
 [-1  0  0  1  0  0  0]
 [-1  1  0  0  0  0  1]
 [ 0  0  0  1  0  0 -1]] 
  X = 
 [[ 0  1 -1  0]
 [ 0  0 -1  1]
 [ 0  0  1  0]
 [ 0  1  0  0]
 [ 1 -1  0  0]
 [-1  0  1  0]
 [ 0  1  0 -1]] 
 C= 
 [[1 0 0 0]
 [0 0 0 0]
 [0 1 0 0]
 [0 0 0 0]
 [0 0 0 0]
 [1 0 0 0]
 [0 0 0 0]
 [0 1 0 0]
 [0 0 1 0]
 [0 0 0 0]
 [0 0 0 1]
 [0 0 0 0]
 [0 0 0 0]
 [0 0 1 0]
 [0 0 0 0]
 [0 0 0 1]] 
A=
 [[ 0  0 -1  1  0  0  0]
 [ 0  0  0  0  0  0  0]
 [ 0  0  0  1  0  0  0]
 [ 0  0  0  0  0  0  0]
 [ 1  0  1  0  0  1  0]
 [ 1  0  0  0  0  0  1]
 [ 0  0  0  0  0  0  0]
 [ 0  0  0  0  0 -1  1]
 [ 0  0  0  1  0  1  0]
 [ 0  0  0  0  0  0  0]
 [ 0  1  0  1  0  0  0]
 [ 0  1  0  0  1 -1  0]
 [ 0  0  0  0  0  0  0]
 [ 0  0  0  0  0  0  1]
 [ 0  0  0  0  0  0  0]
 [ 0  0  0  0 -1  0  1]] 
  X = 
 [[ 1  0 -1  0]
 [ 0 -1  0  1]
 [-1  1  0  0]
 [ 0  1  0  0]
 [ 0  0  1 -1]
 [ 0 -1  1  0]
 [ 0  0  1  0]] 
 C= 
 [[1 0 0 0]
 [0 0 0 0]
 [0 1 0 0]
 [0 0 0 0]
 [0 0 0 0]
 [1 0 0 0]
 [0 0 0 0]
 [0 1 0 0]
 [0 0 1 0]
 [0 0 0 0]
 [0 0 0 1]
 [0 0 0 0]
 [0 0 0 0]
 [0 0 1 0]
 [0 0 0 0]
 [0 0 0 1]] 
A=
 [[ 0  1  0  0  0  0  0]
 [ 0  0  0  0  0  0  0]
 [ 0 -1  0  0 -1  0  0]
 [ 0  0  0  0  0  0  0]
 [ 0  0  0  0  0  0  0]
 [ 0  0  0  0  0  1  1]
 [ 0  0  1  0  1  0  1]
 [ 0  0  1  0  0 -1  0]
 [ 0 -1  0  1  0  0  0]
 [ 1  0  0  1  0  0 -1]
 [ 0  1  0  0  0  0 -1]
 [ 0  0  0  0  0  0  0]
 [ 0  0  0  0  0  0  0]
 [-1  0  0  0  0 -1  0]
 [ 0  0  0  0  0  0  0]
 [ 0  0  0  0  0  1  0]] 
  X = 
 [[ 0  0 -1 -1]
 [ 1  0  0  0]
 [ 0  1  0  1]
 [ 1  0  1  0]
 [-1 -1  0  0]
 [ 0  0  0  1]
 [ 1  0  0 -1]] 
 C= 
 [[1 0 0 0]
 [0 0 0 0]
 [0 1 0 0]
 [0 0 0 0]
 [0 0 0 0]
 [1 0 0 0]
 [0 0 0 0]
 [0 1 0 0]
 [0 0 1 0]
 [0 0 0 0]
 [0 0 0 1]
 [0 0 0 0]
 [0 0 0 0]
 [0 0 1 0]
 [0 0 0 0]
 [0 0 0 1]] 
